000012
000017
000020
000021
000026
000032
000033
000036
000046
000050
000061
000065
000072
000073
000089
000091
000095
000101
000102
000104
000107
000109
000117
000118
000121
000125
000130
000134
000138
000140
000141
000143
000146
000150
000153
000156
000158
000162
000165
000170
000184
000187
000190
000193
000208
000210
000220
000222
000233
000235
000242
000245
000249
000251
000256
000259
000263
000269
000270
000276
000289
000294
000296
000303
000305
000307
000308
000311
000320
000322
000323
000325
000331
000340
000343
000344
000347
000355
000363
000367
000370
000373
000379
000380
000381
000391
000395
000396
000400
000403
000404
000407
000411
000416
000417
000419
000420
000424
000427
000430
000433
000438
000439
000443
000446
000460
000461
000462
000463
000468
000470
000474
000476
000480
000483
000486
000491
000498
000503
000508
000509
000513
000515
000516
000520
000522
000525
000526
000530
000531
000537
000541
000543
000545
000552
000555
000563
000564
000581
000583
000588
000591
000597
000605
000608
000609
000613
000619
000620
000622
000625
000626
000628
000633
000637
000653
000654
000672
000675
000676
000694
000695
000700
000705
000710
000714
000717
000726
000728
000729
000730
000731
000738
000739
000742
000746
000748
000750
000755
000760
000761
000767
000768
000777
000780
000782
000791
000794
000796
000799
000800
000802
000805
000812
000814
000818
000820
000823
000826
000830
000831
000834
000842
000843
000845
000848
000849
000850
000851
000854
000863
000865
000874
000876
000878
000885
000887
000892
000895
000896
000899
000900
000902
000906
000915
000917
000919
000921
000923
000931
000935
000936
000943
000946
000949
000951
000958
000962
000964
000965
000966
000967
000971
000980
000987
000997
000999
001001
001002
001004
001009
001011
001012
001015
001017
001018
001028
001042
001045
001050
001052
001056
001060
001062
001069
001072
001074
001077
001078
001079
001082
001084
001092
001104
001106
001113
001121
001136
001140
001149
001151
001152
001154
001156
001160
001161
001168
001170
001175
001182
001184
001185
001192
001199
001200
001203
001204
001205
001211
001212
001215
001224
001225
001229
001230
001231
001233
001236
001237
001240
001247
001248
001250
001258
001266
001270
001272
001279
001286
001287
001292
001293
001304
001312
001314
001323
001325
001327
001330
001343
001346
001348
001360
001361
001362
001365
001371
001378
001384
001387
001406
001409
001413
001418
001420
001426
001427
001430
001436
001439
001445
001450
001451
001453
001455
001457
001463
001466
001467
001468
001470
001472
001479
001480
001481
001484
001485
001488
001494
001497
001499
001504
001512
001514
001515
001517
001521
001522
001523
001526
001528
001529
001531
001532
001539
001544
001545
001553
001554
001555
001556
001559
001563
001577
001579
001580
001588
001590
001595
001597
001598
001603
001607
001608
001610
001611
001614
001622
001627
001628
001636
001643
001649
001650
001651
001654
001662
001676
001677
001678
001683
001684
001685
001688
001689
001699
001707
001708
001711
001714
001717
001723
001724
001726
001730
001734
001739
001747
001749
001750
001752
001754
001755
001756
001758
001759
001766
001768
001771
001775
001777
001778
001780
001782
001784
001799
001800
001806
001807
001809
001810
001816
001827
001830
001832
001833
001836
001840
001841
001842
001843
001845
001849
001855
001861
001862
001881
001887
001888
001899
001901
001906
001911
001915
001918
001922
001931
001933
001937
001941
001944
001948
001950
001952
001963
001970
001976
001978
001982
001985
001999
002000
002002
002006
002012
002021
002023
002024
002025
002027
002030
002034
002036
002037
002042
002043
002049
002051
002054
002058
002068
002070
002082
002088
002090
002091
002096
002102
002108
002120
002124
002125
002129
002134
002135
002136
002139
002140
002152
002153
002158
002163
002169
002172
002174
002178
002180
002181
002182
002183
002193
002199
002201
002202
002209
002212
002213
002214
002215
002218
002219
002234
002237
002238
002241
002244
002247
002248
002253
002255
002259
002260
002261
002263
002265
002267
002276
002278
002281
002285
002287
002288
002293
002305
002306
002307
002310
002315
002323
002324
002328
002332
002335
002337
002342
002345
002348
002350
002352
002361
002362
002364
002368
002369
002371
002372
002373
002375
002376
002377
002378
002382
002391
002392
002404
002407
002411
002413
002415
002417
002420
002423
002425
002433
002435
002437
002439
002441
002443
002444
002445
002448
002454
002456
002459
002460
002461
002462
002465
002466
002468
002470
002478
002479
002480
002481
002483
002490
002491
002493
002496
002497
002502
002508
002514
002518
002524
002525
002533
002534
002537
002540
002545
002554
002558
002559
002561
002565
002578
002584
002589
002599
002600
002603
002605
002609
002611
002615
002618
002621
002625
002633
002634
002635
002636
002645
002648
002653
002657
002658
002659
002664
002666
002667
002684
002689
002691
002695
002696
002699
002702
002710
002713
002714
002718
002722
002723
002732
002735
002741
002744
002747
002749
002762
002766
002767
002774
002778
002782
002784
002785
002794
002800
002804
002816
002817
002820
002838
002841
002842
002845
002847
002848
002858
002859
002864
002868
002869
002870
002873
002880
002881
002884
002889
002891
002893
002910
002912
002917
002924
002938
002941
002943
002944
002952
002953
002954
002958
002960
002962
002966
002976
002977
002978
002984
002986
002987
002988
002989
002990
002992
002995
003005
003007
003009
003011
003013
003017
003021
003027
003028
003032
003034
003038
003042
003053
003054
003056
003057
003061
003066
003074
003082
003083
003092
003093
003102
003107
003118
003120
003121
003122
003133
003134
003135
003138
003142
003146
003147
003154
003155
003159
003162
003165
003175
003178
003181
003183
003185
003189
003195
003199
003200
003204
003211
003218
003219
003223
003229
003231
003240
003247
003250
003253
003255
003258
003260
003269
003271
003272
003293
003294
003296
003307
003311
003336
003343
003349
003354
003356
003359
003360
003362
003363
003365
003369
003374
003386
003390
003391
003392
003395
003398
003401
003403
003408
003410
003413
003420
003421
003422
003425
003430
003433
003435
003436
003441
003443
003444
003449
003450
003452
003453
003455
003458
003465
003468
003469
003470
003484
003487
003489
003493
003511
003516
003518
003521
003522
003524
003536
003539
003550
003551
003565
003567
003575
003580
003585
003586
003597
003604
003605
003606
003608
003614
003618
003621
003622
003623
003625
003627
003634
003635
003639
003642
003645
003646
003654
003656
003658
003660
003662
003663
003664
003669
003671
003673
003675
003678
003679
003688
003690
003691
003695
003700
003706
003709
003711
003714
003721
003729
003732
003735
003740
003748
003750
003751
003754
003758
003763
003772
003779
003781
003784
003788
003791
003792
003793
003797
003798
003803
003807
003811
003814
003817
003820
003821
003824
003826
003830
003835
003837
003838
003847
003849
003860
003861
003863
003865
003866
003869
003871
003874
003876
003885
003886
003889
003898
003912
003913
003915
003918
003921
003923
003926
003932
003935
003936
003939
003941
003947
003957
003960
003961
003966
003969
003970
003971
003974
003983
003984
003987
003988
003991
003992
003993
003994
004005
004009
004010
004011
004012
004014
004015
004031
004035
004046
004047
004051
004057
004058
004060
004069
004082
004091
004092
004095
004102
004105
004108
004113
004117
004120
004121
004129
004131
004135
004137
004138
004140
004142
004145
004146
004150
004168
004169
004185
004191
004192
004193
004194
004195
004201
004205
004229
004246
004247
004258
004259
004263
004264
004265
004269
004271
004272
004273
004279
004280
004281
004283
004286
004287
004292
004293
004295
004296
004298
004300
004303
004310
004312
004315
004321
004323
004326
004329
004331
004333
004345
004347
004349
004352
004354
004356
004360
004361
004364
004365
004367
004370
004371
004376
004379
004380
004384
004389
004390
004392
004404
004405
004424
004430
004433
004436
004437
004438
004446
004450
004452
004457
004459
004463
004464
004468
004471
004479
004481
004487
004490
004493
004494
004496
004507
004512
004517
004518
004524
004527
004530
004539
004540
004544
004549
004555
004562
004563
004574
004576
004579
004587
004588
004591
004595
004597
004604
004605
004607
004625
004626
004628
004630
004631
004632
004636
004652
004660
004662
004672
004673
004674
004675
004676
004682
004685
004687
004689
004691
004692
004694
004701
004702
004705
004707
004708
004710
004714
004715
004718
004719
004722
004737
004742
004743
004747
004748
004753
004761
004773
004779
004799
004801
004808
004815
004818
004823
004826
004828
004831
004832
004836
004837
004839
004840
004841
004842
004848
004849
004856
004857
004859
004866
004868
004876
004878
004879
004885
004886
004896
004902
004903
004907
004910
004911
004926
004928
004946
004948
004962
004963
004967
004972
004974
004976
004984
004985
004986
004991
004992
005001
005006
005007
005018
005026
005028
005029
005037
005039
005042
005047
005052
005056
005057
005058
005061
005062
005063
005064
005072
005073
005081
005085
005090
005094
005097
005107
005108
005110
005121
005122
005128
005129
005135
005138
005146
005159
005168
005171
005176
005177
005179
005183
005185
005195
005203
005208
005209
005212
005214
005215
005217
005219
005222
005223
005224
005229
005231
005236
005242
005244
005246
005254
005258
005259
005268
005273
005278
005288
005290
005292
005293
005297
005303
005310
005312
005314
005315
005318
005325
005326
005327
005328
005331
005337
005338
005343
005346
005349
005350
005351
005352
005358
005360
005363
005367
005368
005369
005371
005373
005378
005384
005385
005387
005393
005404
005406
005407
005410
005414
005416
005419
005420
005421
005430
005431
005438
005439
005441
005450
005453
005454
005455
005465
005471
005481
005486
005489
005514
005518
005521
005522
005526
005530
005531
005536
005539
005542
005544
005549
005566
005568
005573
005576
005579
005582
005588
005591
005592
005593
005600
005608
005611
005614
005615
005624
005625
005629
005630
005631
005640
005645
005648
005652
005653
005654
005657
005658
005674
005680
005682
005695
005696
005704
005716
005718
005723
005728
005729
005731
005735
005736
005740
005741
005747
005761
005762
005764
005768
005773
005780
005782
005788
005790
005796
005803
005805
005811
005812
005813
005819
005824
005826
005828
005829
005830
005831
005845
005856
005860
005861
005868
005873
005878
005879
005884
005885
005893
005894
005895
005899
005901
005903
005905
005911
005912
005917
005918
005923
005928
005930
005938
005940
005947
005952
005954
005961
005968
005980
005981
005984
005985
005989
005990
005998
006004
006005
006023
006025
006026
006027
006028
006030
006035
006038
006041
006042
006043
006045
006046
006055
006073
006079
006084
006089
006091
006095
006096
006103
006104
006105
006107
006111
006117
006120
006123
006125
006128
006129
006131
006135
006139
006150
006151
006153
006156
006161
006162
006170
006174
006176
006181
006183
006184
006187
006188
006196
006198
006202
006203
006206
006215
006216
006218
006219
006221
006229
006230
006233
006238
006247
006251
006254
006261
006269
006270
006275
006276
006277
006279
006282
006289
006291
006296
006305
006306
006319
006321
006323
006330
006339
006341
006344
006346
006348
006353
006363
006366
006367
006374
006377
006381
006385
006387
006391
006392
006395
006400
006404
006411
006417
006419
006425
006430
006434
006437
006444
006445
006449
006450
006455
006456
006459
006462
006463
006465
006466
006470
006472
006474
006475
006482
006486
006488
006492
006495
006499
006503
006506
006507
006509
006519
006520
006524
006530
006542
006548
006549
006553
006564
006565
006569
006570
006572
006576
006578
006583
006585
006593
006599
006602
006603
006605
006609
006611
006619
006621
006622
006625
006627
006628
006631
006632
006638
006643
006645
006648
006654
006657
006661
006666
006677
006678
006682
006694
006699
006702
006703
006704
006707
006708
006714
006718
006722
006731
006751
006760
006762
006765
006766
006768
006769
006784
006799
006800
006803
006806
006808
006813
006819
006824
006827
006835
006836
006840
006841
006844
006845
006847
006848
006850
006852
006859
006865
006866
006874
006878
006880
006884
006886
006892
006893
006896
006900
006903
006908
006909
006910
006911
006916
006924
006931
006932
006934
006940
006943
006944
006947
006948
006959
006963
006965
006966
006968
006972
006976
006981
006983
006987
006988
006989
006994
007002
007006
007008
007016
007018
007020
007023
007029
007031
007036
007038
007040
007045
007049
007052
007054
007065
007070
007071
007073
007075
007078
007079
007080
007084
007086
007095
007100
007101
007105
007113
007114
007121
007122
007125
007129
007132
007133
007139
007140
007141
007146
007148
007149
007150
007153
007159
007163
007165
007166
007168
007172
007180
007182
007187
007193
007194
007204
007212
007214
007215
007219
007223
007236
007241
007244
007247
007258
007259
007270
007275
007276
007279
007283
007284
007285
007289
007296
007297
007300
007314
007318
007322
007323
007329
007334
007343
007346
007350
007351
007363
007369
007372
007375
007376
007381
007383
007388
007390
007396
007398
007410
007414
007416
007417
007419
007421
007422
007424
007425
007431
007432
007433
007435
007437
007438
007443
007454
007458
007461
007465
007466
007467
007470
007474
007475
007479
007481
007486
007489
007490
007491
007493
007511
007513
007519
007521
007523
007524
007528
007530
007533
007536
007537
007543
007544
007547
007551
007565
007566
007568
007570
007585
007590
007600
007601
007603
007605
007612
007614
007615
007618
007619
007624
007629
007631
007633
007637
007639
007640
007642
007647
007655
007662
007670
007672
007677
007678
007679
007691
007697
007702
007705
007709
007712
007713
007718
007720
007721
007723
007724
007729
007731
007732
007735
007736
007746
007758
007762
007763
007772
007773
007775
007776
007791
007798
007799
007803
007810
007812
007814
007819
007821
007826
007831
007833
007836
007841
007843
007845
007847
007853
007855
007856
007859
007865
007868
007869
007872
007873
007877
007889
007897
007898
007899
007911
007914
007916
007920
007926
007928
007931
007932
007933
007946
007954
007958
007970
007974
007976
007979
007984
007987
007996
007998
008005
008008
008017
008019
008036
008037
008040
008042
008048
008053
008057
008063
008067
008069
008072
008076
008082
008083
008084
008086
008087
008091
008098
008100
008107
008108
008112
008115
008116
008121
008122
008127
008132
008138
008139
008140
008142
008144
008150
008151
008160
008164
008166
008177
008180
008186
008188
008189
008190
008200
008202
008203
008208
008213
008218
008224
008235
008244
008248
008251
008252
008262
008263
008268
008275
008279
008281
008284
008294
008295
008296
008297
008299
008300
008301
008306
008307
008311
008312
008313
008315
008317
008319
008322
008326
008327
008332
008336
008338
008341
008346
008349
008351
008355
008360
008364
008368
008370
008376
008381
008384
008386
008388
008403
008409
008415
008422
008424
008427
008429
008433
008437
008442
008443
008449
008450
008452
008454
008456
008462
008465
008472
008475
008477
008478
008482
008495
008499
008503
008509
008512
008513
008522
008523
008526
008533
008534
008536
008541
008556
008558
008562
008564
008568
008573
008584
008585
008587
008588
008592
008595
008596
008601
008604
008606
008607
008610
008617
008620
008621
008624
008639
008645
008647
008653
008655
008663
008667
008670
008680
008698
008706
008709
008710
008713
008718
008720
008722
008725
008727
008728
008738
008739
008741
008749
008753
008756
008757
008760
008769
008770
008771
008772
008776
008784
008790
008793
008794
008796
008799
008801
008805
008806
008809
008811
008814
008817
008822
008831
008835
008847
008848
008856
008858
008859
008862
008872
008878
008879
008886
008892
008900
008905
008909
008917
008921
008926
008931
008939
008942
008944
008948
008951
008958
008961
008966
008970
008971
008978
008980
008983
008987
008989
008997
009002
009007
009016
009024
009027
009029
009036
009037
009042
009048
009049
009051
009053
009058
009066
009068
009073
009078
009080
009086
009091
009100
009105
009113
009114
009121
009123
009131
009133
009136
009144
009148
009151
009155
009162
009166
009178
009180
009184
009186
009197
009202
009205
009208
009209
009212
009213
009215
009218
009230
009236
009238
009242
009244
009246
009249
009250
009251
009254
009255
009259
009268
009269
009273
009279
009282
009283
009286
009288
009306
009307
009309
009312
009316
009318
009323
009324
009326
009327
009330
009331
009333
009334
009336
009349
009351
009354
009359
009362
009365
009368
009373
009375
009377
009378
009382
009386
009388
009392
009393
009394
009405
009409
009411
009417
009418
009419
009424
009429
009432
009434
009445
009454
009458
009465
009466
009468
009470
009479
009491
009496
009497
009499
009502
009504
009507
009515
009516
009518
009519
009520
009523
009527
009528
009540
009541
009542
009557
009567
009580
009584
009585
009586
009591
009596
009597
009600
009605
009613
009614
009615
009617
009620
009627
009629
009634
009636
009638
009644
009647
009654
009656
009658
009664
009666
009668
009671
009679
009681
009684
009687
009693
009698
009699
009700
009702
009707
009710
009717
009718
009732
009733
009734
009735
009743
009745
009746
009747
009748
009749
009754
009758
009762
009764
009767
009778
009780
009785
009790
009797
009805
009809
009822
009830
009836
009839
009841
009842
009845
009851
009855
009858
009862
009865
009868
009869
009870
009874
009878
009880
009884
009886
009898
009904
009905
009920
009923
009926
009935
009942
009947
009949
009950
009954
009958
009959
009961